1	3
1	8
1	9
1	11
1	13
1	14
1	16
1	17
1	18
1	19
1	20
1	21
1	22
1	24
2	4
2	10
2	11
2	12
2	13
2	18
2	19
2	20
2	21
2	22
2	24
3	4
3	7
3	8
3	11
3	14
2	18
3	19
3	21
3	24
4	5
4	7
4	8
4	9
4	10
4	13
4	14
4	17
4	21
4	22
4	23
4	24
4	25
5	6
5	14
5	17
5	18
5	20
5	21
5	22
5	24
5	25
6	9
6	14
6	15
6	16
6	18
6	19
7	8
7	9
7	10
7	14
7	15
7	17
7	19
7	23
7	24
7	25
8	10
8	13
8 	14
8	15
8 	17
8	20
8	24
9	10
9	12
9	13
9	14
9	15
9	16
9	18
9	19
9	23
10



  
 
 [1 0 1 0 1 0 0 0 0 1 0 1 0 0 0 0 0 1 1 1 1 0 1 1 0]
 [0 1 1 1 0 0 1 0 1 1 0 0 1 1 1 1 0 0 1 1 1 1 1 0 0]
 [0 1 1 1 0 1 0 0 0 0 0 0 1 1 0 0 0 1 1 0 1 1 0 1 1]
 [1 1 1 1 1 1 0 1 0 1 1 0 1 0 0 0 0 1 1 1 1 0 1 1 0]
 [0 1 1 1 0 0 1 0 0 0 1 0 1 1 1 1 1 0 1 0 1 0 0 0 0]
 [0 1 1 0 1 1 1 0 1 1 1 0 1 0 0 0 0 0 1 0 0 1 1 1 1]
 [1 1 0 1 0 1 1 1 1 1 0 1 0 1 1 0 1 0 0 1 1 0 1 1 1]
 [1 0 0 1 1 0 1 1 1 1 1 1 1 1 1 0 0 0 1 0 1 1 0 0 0]
 [1 0 1 0 0 1 0 0 0 1 0 0 0 0 1 1 1 0 0 1 1 0 0 1 0]
 [1 1 1 1 0 0 1 1 1 1 1 0 0 0 0 0 1 0 1 0 1 0 0 0 0]
 [0 0 1 0 0 0 1 0 1 1 0 0 0 1 0 1 1 1 0 0 1 1 0 0 0]
 [1 0 1 0 0 0 1 0 1 1 1 0 0 1 1 0 1 0 0 0 1 1 1 0 1]
 [1 1 0 0 1 0 1 1 0 0 1 1 0 1 1 1 1 0 1 0 0 0 0 1 1]
 [1 1 0 0 0 1 0 1 1 1 0 0 0 0 1 1 0 0 0 0 1 1 0 1 0]
 [0 0 1 1 0 0 1 1 1 0 1 1 1 1 0 0 0 1 1 1 1 1 1 0 1]
 [0 1 0 0 0 1 0 0 0 0 0 1 1 0 1 1 1 0 0 1 1 0 1 0 0]
