252987.473261	[(-19.0748, -8.536), (23.84763233, -8.82214252), (-18.88898291, -12.23555265)]
1277981.26268	[(-19.0748, -8.536), (-18.77006576, -3.116911984), (-16.71522282, -4.036890674)]
239396.97727	[(-19.0748, -8.536), (22.24432794, -8.562356865), (-20.31051796, -4.877577255)]
240647.00787	[(-19.0748, -8.536), (-20.57097748, -8.545994066), (21.55643414, -8.894876165)]
1360842.85946	[(-19.0748, -8.536), (-20.87101561, -12.08951593), (-17.37534526, -9.134230943)]
268719.207886	[(-19.0748, -8.536), (17.69664852, -11.09156605), (-22.18407299, -10.89687868)]
276230.361715	[(-19.0748, -8.536), (22.77209724, -11.00912555), (-16.80286051, -9.242375938)]
252933.301888	[(-19.0748, -8.536), (23.84763233, -8.82214252), (-20.87101561, -12.08951593)]
239777.80829	[(-19.0748, -8.536), (-19.0162303, -9.627969052), (22.24432794, -8.562356865)]
317069.079288	[(-19.0748, -8.536), (24.13576949, -12.82655476), (-18.88898291, -12.23555265)]
301539.866841	[(-19.0748, -8.536), (-21.79875609, -8.32260884), (23.8105734, -12.11042837)]
252441.517673	[(-19.0748, -8.536), (21.21060698, -9.901650142), (-20.1682181, -9.539803496)]
21897.4036599	[(-19.0748, -8.536), (12.6597, 19.2601), (22.79469945, -6.976994888)]
1362694.74553	[(-19.0748, -8.536), (-17.88791423, -6.251462317), (-19.0022745, -13.00487653)]
1340077.60714	[(-19.0748, -8.536), (-17.64659314, -6.898664433), (-17.78570492, -5.721762405)]
280069.941218	[(-19.0748, -8.536), (20.98059136, -11.7393288), (-21.55599843, -8.968839013)]
301053.114723	[(-19.0748, -8.536), (-16.00119341, -6.308594221), (23.8105734, -12.11042837)]
287089.268497	[(-19.0748, -8.536), (25.03857183, -10.57242172), (-16.50121714, -7.536003035)]
239752.789958	[(-19.0748, -8.536), (22.24432794, -8.562356865), (-23.08532758, -9.764071005)]
267792.478331	[(-19.0748, -8.536), (26.48638347, -7.798021124), (-15.65151327, -7.054135318)]
354021.568694	[(-19.0748, -8.536), (24.30778151, -14.62736878), (-16.50121714, -7.536003035)]
1292821.80474	[(-19.0748, -8.536), (-17.02701221, -8.24856135), (-16.50496627, -7.78080905)]
276670.779087	[(-19.0748, -8.536), (20.71204687, -11.58808224), (-20.10721564, -12.74736269)]
1453287.47766	[(-19.0748, -8.536), (-21.23043625, -8.27579766), (-19.0022745, -13.00487653)]
289574.071135	[(-19.0748, -8.536), (-18.42837896, -10.99183023), (23.302988, -11.63033963)]
256404.50304	[(-19.0748, -8.536), (21.62683005, -10.09223508), (-20.22202926, -5.526105176)]
317179.656794	[(-19.0748, -8.536), (24.13576949, -12.82655476), (-19.5530913, -9.584532025)]
232620.451182	[(-19.0748, -8.536), (-17.19200178, -6.318169835), (22.71382947, -7.709164073)]
276174.878145	[(-19.0748, -8.536), (22.77209724, -11.00912555), (-19.0162303, -9.627969052)]
300780.194527	[(-19.0748, -8.536), (23.8105734, -12.11042837), (-18.46137999, -3.564608703)]
264533.845363	[(-19.0748, -8.536), (21.1856984, -10.72501219), (-18.09863617, -8.817888434)]
280181.716148	[(-19.0748, -8.536), (-20.03865146, -8.820872829), (20.98059136, -11.7393288)]
1143494.77838	[(-19.0748, -8.536), (-14.25892964, -5.58519466), (-20.06742183, -10.90266906)]
268782.076686	[(-19.0748, -8.536), (17.69664852, -11.09156605), (-19.14846974, -9.916881013)]
268843.372628	[(-19.0748, -8.536), (-19.07702934, -9.588629278), (17.69664852, -11.09156605)]
346771.369332	[(-19.0748, -8.536), (-17.43786661, -10.75633109), (17.83666641, -15.15084839)]
240670.058448	[(-19.0748, -8.536), (21.55643414, -8.894876165), (-17.43786661, -10.75633109)]
267531.111959	[(-19.0748, -8.536), (-19.53844291, -5.010335069), (26.48638347, -7.798021124)]
267766.944436	[(-19.0748, -8.536), (26.48638347, -7.798021124), (-17.34306487, -7.516827343)]
221516.846652	[(-19.0748, -8.536), (-15.97295894, -9.648002534), (20.93010982, -7.322596955)]
276196.625963	[(-19.0748, -8.536), (-17.43786661, -10.75633109), (22.77209724, -11.00912555)]
289401.553075	[(-19.0748, -8.536), (23.302988, -11.63033963), (-19.95427423, -6.122255567)]
300423.53416	[(-19.0748, -8.536), (28.44609405, -8.286348849), (-19.65417726, -8.211477352)]
279918.386633	[(-19.0748, -8.536), (-16.38603445, -7.205324413), (20.98059136, -11.7393288)]
264299.027858	[(-19.0748, -8.536), (21.1856984, -10.72501219), (-21.05007195, -13.28463792)]
273655.777526	[(-19.0748, -8.536), (21.29823102, -11.29301951), (-18.42837896, -10.99183023)]
268705.596426	[(-19.0748, -8.536), (17.69664852, -11.09156605), (-19.16392331, -10.60913114)]
232936.410902	[(-19.0748, -8.536), (22.71382947, -7.709164073), (-21.21053685, -7.47531872)]
240579.642849	[(-19.0748, -8.536), (21.55643414, -8.894876165), (-21.41696953, -7.951628842)]
296331.059138	[(-19.0748, -8.536), (-18.09863617, -8.817888434), (26.47908199, -10.10558625)]
276795.138918	[(-19.0748, -8.536), (-22.58375583, -9.137181209), (20.71204687, -11.58808224)]
268696.545355	[(-19.0748, -8.536), (17.69664852, -11.09156605), (-16.50496627, -7.78080905)]
1248863.30654	[(-19.0748, -8.536), (-16.00119341, -6.308594221), (-20.33307474, -4.522544918)]
317092.233395	[(-19.0748, -8.536), (-19.0022745, -13.00487653), (24.13576949, -12.82655476)]
317093.316728	[(-19.0748, -8.536), (24.13576949, -12.82655476), (-18.70847649, -11.16342607)]
221479.072692	[(-19.0748, -8.536), (20.93010982, -7.322596955), (-16.80286051, -9.242375938)]
276000.287469	[(-19.0748, -8.536), (22.77209724, -11.00912555), (-16.50121714, -7.536003035)]
240323.301364	[(-19.0748, -8.536), (-20.22202926, -5.526105176), (21.55643414, -8.894876165)]
296266.146501	[(-19.0748, -8.536), (-17.58725494, -8.744532565), (26.47908199, -10.10558625)]
239391.386607	[(-19.0748, -8.536), (22.24432794, -8.562356865), (-17.63506716, -6.503314782)]
253207.847597	[(-19.0748, -8.536), (23.84763233, -8.82214252), (-17.21964035, -9.336242609)]
1349292.62985	[(-19.0748, -8.536), (-21.63151861, -7.727679769), (-17.63506716, -6.503314782)]
279926.463364	[(-19.0748, -8.536), (20.98059136, -11.7393288), (-19.7031783, -11.3579162)]
1460541.54044	[(-19.0748, -8.536), (-22.78826641, -8.819082477), (-21.23043625, -8.27579766)]
286911.838714	[(-19.0748, -8.536), (25.03857183, -10.57242172), (-17.55953177, -6.718903118)]
273664.678359	[(-19.0748, -8.536), (-21.21053685, -7.47531872), (21.29823102, -11.29301951)]
