-4803.164900869154
389.7763290262129
395.4139694602741
230.9690359829121
328.5780210178269
427.391656760456
430.3118738719341
322.482424983835
335.2153907273874
491.7331701884648
468.7498451749003
448.2994328043976
288.0811341443556
473.7418174489475
430.8582386634096
468.1768824963453
442.9802386667383
430.4704263720405
403.4874904479815
370.2494549790043
405.2157050408034
447.1830818719197
376.6242345750442
539.2226542806526
340.5479931647141
418.4883214563244
392.7748120060123
450.4942357264966
456.9944531033393
338.4571477761895
373.8639836272902
370.5292672370087
392.7615921822461
435.669809341015
388.6507649292491
458.1861703133213
536.4148112984152
368.9091197071818
388.7173026156452
452.4672608673825
312.4700560283252
409.3662162631505
357.5101238773084
377.5460925788213
405.0924803337568
434.3671788803919
276.8148551836102
429.5789786463707
393.8599011446196
-2609.107953171437
424.8340125744641
441.9873085305326
293.6206613142955
502.0926018083485
320.1280439851121
329.5798999680282
370.9725961409392
471.8643068945086
212.9800426481731
-4516.255576323173
392.9822754044954
534.1853000687321
311.4803409671179
428.711909768755
352.6959126843246
421.407769205725
461.2390334307115
382.7270846360346
365.0144903824267
413.7111732553317
365.7142588189354
347.6569063195849
364.7946606949119
276.6780170661198
485.1075531129928
246.9936461342323
428.9906830079902
548.5823276682565
399.4037883840942
463.0677243304706
494.1030493168927
392.8808495711367
554.1239315908291
472.3407759071462
421.0423495750088
317.2709078498802
398.3373699235002
366.4977845019527
321.2756013591064
411.4162808357278
377.4149659926181
411.4792726316832
373.7006535068818
232.5329130915114
467.6417953679217
374.1702994014425
367.8275881616557
428.1596966785933
480.0540478288675
292.0930206114049
